%YAML:1.0
---
R: !!opencv-matrix
   rows: 3
   cols: 3
   dt: d
   data: [ 9.9963217964293105e-01, 1.1366822269896652e-02,
       2.4623175542712560e-02, -1.1708350909344908e-02,
       9.9983662741482537e-01, 1.3770729782083964e-02,
       -2.4462623352909205e-02, -1.4053961407094922e-02,
       9.9960195389337925e-01 ]
T: !!opencv-matrix
   rows: 3
   cols: 1
   dt: d
   data: [ -5.9190792005755943e+00, 1.6698255652607094e-01,
       4.6978955834116448e-01 ]
R1: !!opencv-matrix
   rows: 3
   cols: 3
   dt: d
   data: [ 9.9836847562018916e-01, -1.5668537412495586e-02,
       -5.4907957739957818e-02, 1.6046827756859460e-02,
       9.9985040229279321e-01, 6.4554127583988730e-03,
       5.4798596759054449e-02, -7.3259791354358447e-03,
       9.9847055230634896e-01 ]
R2: !!opencv-matrix
   rows: 3
   cols: 3
   dt: d
   data: [ 9.9647114560888117e-01, -2.8111348701340643e-02,
       -7.9088608807563424e-02, 2.7564999987838169e-02,
       9.9958806800215161e-01, -7.9915632636279980e-03,
       7.9280683300502933e-02, 5.7832846996945953e-03,
       9.9683555658568257e-01 ]
P1: !!opencv-matrix
   rows: 3
   cols: 4
   dt: d
   data: [ -1.3374578106061932e+04, 0., -8.5056733932495117e+03, 0., 0.,
       -1.3374578106061932e+04, 4.8767729187011719e+02, 0., 0., 0., 1.,
       0. ]
P2: !!opencv-matrix
   rows: 3
   cols: 4
   dt: d
   data: [ -1.3374578106061932e+04, 0., -8.5056733932495117e+03,
       7.9445538822593837e+04, 0., -1.3374578106061932e+04,
       4.8767729187011719e+02, 0., 0., 0., 1., 0. ]
Q: !!opencv-matrix
   rows: 4
   cols: 4
   dt: d
   data: [ 1., 0., 0., 8.5056733932495117e+03, 0., 1., 0.,
       -4.8767729187011719e+02, 0., 0., 0., -1.3374578106061932e+04, 0.,
       0., 1.6834901373037553e-01, 0. ]
