%YAML:1.0
---
M1: !!opencv-matrix
   rows: 3
   cols: 3
   dt: d
   data: [ 1.7559623213593900e+03, 0., 9.5608452462917819e+02, 0.,
       1.7747354063687735e+03, 5.3979378380861237e+02, 0., 0., 1. ]
D1: !!opencv-matrix
   rows: 1
   cols: 14
   dt: d
   data: [ -2.6016474252363514e-01, -3.7924816923278748e-01, 0., 0., 0.,
       0., 0., -2.9738312892844396e+00, 0., 0., 0., 0., 0., 0. ]
M2: !!opencv-matrix
   rows: 3
   cols: 3
   dt: d
   data: [ 1.7559623213593900e+03, 0., 9.7273046268343887e+02, 0.,
       1.7747354063687735e+03, 5.4238171855393091e+02, 0., 0., 1. ]
D2: !!opencv-matrix
   rows: 1
   cols: 14
   dt: d
   data: [ -3.8524023723073930e-01, 2.3962707051314887e+00, 0., 0., 0.,
       0., 0., 1.0780631546947410e+01, 0., 0., 0., 0., 0., 0. ]
