%YAML:1.0
---
Roi1: [ 0, 0, 0, 0 ]
Roi2: [ 0, 0, 0, 0 ]
